0.118000,0.429300,-0.840200,0.180300,-0.516000,0.837400
-0.121700,-0.463000,0.871500,-0.033650,-0.963900,0.264000
-0.010960,0.553400,0.463000,-0.551300,0.769900,-0.321400
-0.003396,0.182600,-0.169600,-0.698700,-0.657400,-0.282100
0.101800,-0.069340,0.409500,0.435100,-0.582100,-0.686900
-0.144200,0.096410,0.778800,-0.435400,0.164500,0.885100
0.117100,-0.475200,0.517200,0.196100,-0.959300,-0.203100
-0.160800,0.204600,0.410800,0.686600,-0.265800,0.676800
0.153000,0.286800,0.664800,0.902700,0.415400,-0.111900
0.102900,0.263100,-0.514000,0.321100,-0.588100,0.742300
-0.132700,-0.214300,0.629800,0.619900,0.225000,0.751700
0.188400,-0.206900,0.696300,0.676000,-0.016430,0.736700
-0.002372,0.102600,0.146800,-0.242700,-0.953600,-0.178400
-0.111500,0.354800,0.637300,-0.623800,0.585400,0.517900
0.083580,0.035440,0.646600,0.325400,-0.094920,-0.940800
-0.034320,0.442900,-0.632400,-0.891100,-0.007335,0.453800
-0.020650,-0.108500,0.799500,0.351100,0.204200,0.913800
0.171600,0.244500,-0.723900,0.163200,-0.970500,0.177400
0.031200,-0.357200,0.680900,0.400100,-0.028850,-0.916000
0.010730,0.223400,0.528300,-0.288000,0.205600,0.935300
-0.083250,0.383300,-0.853900,-0.742000,-0.670200,0.016350
-0.114400,-0.012290,0.610600,-0.426100,0.073590,-0.901700
0.049270,-0.210300,0.546200,0.334700,0.125900,0.933900
0.036440,0.293300,-0.326200,-0.326300,0.942900,0.067140
0.054940,0.456200,0.635500,-0.522400,0.810900,0.263800
-0.125500,-0.280500,0.809300,-0.506300,0.486800,0.711800
-0.008038,0.241200,0.751700,-0.293100,0.065120,0.953900
-0.156500,0.176200,0.600600,-0.950700,0.022940,-0.309300
-0.005010,0.059950,0.327300,0.993500,-0.098080,0.058120
-0.152700,-0.462700,0.699800,-0.475000,0.160600,-0.865200
0.036110,0.183400,0.000225,0.696600,0.632600,0.338500
0.133100,0.384200,-0.632300,0.797900,0.538800,-0.270200
0.180900,0.134200,0.747300,0.618200,0.031180,0.785400
0.009385,0.294000,-0.730600,-0.531300,-0.444400,0.721300
-0.009782,0.387900,0.484400,-0.425300,-0.514800,-0.744400
-0.175700,-0.072340,0.756100,-0.968500,0.098610,0.228900
0.193100,-0.366900,0.666900,0.989200,-0.060410,-0.133800
0.015630,0.060070,0.788100,-0.590100,0.331500,0.736100
-0.163400,0.335300,0.493800,0.866700,-0.325300,0.378100
0.169700,-0.085150,0.607600,0.297400,0.167900,-0.939900
-0.014090,-0.122200,0.651200,0.971000,0.205400,-0.122700
0.006601,0.483700,-0.768200,-0.269200,0.908800,0.318600
0.105200,-0.074840,0.740700,0.676200,0.175100,0.715600
-0.026540,0.095420,0.587300,0.128500,0.461300,0.877900
-0.062770,0.499400,0.579100,-0.790900,0.027010,0.611400
-0.090520,0.165700,0.300300,-0.490900,0.594000,-0.637300
0.074380,-0.481200,0.646300,0.051800,-0.998600,0.010960
0.089880,0.169000,0.623800,-0.805400,0.540200,0.243800
-0.000789,0.375300,0.727200,0.499100,-0.420800,-0.757600
-0.109600,-0.336300,0.686300,-0.367500,0.534200,0.761300
0.067260,0.335600,0.581300,-0.600400,-0.200200,0.774200
0.033030,0.332600,-0.875500,0.520000,-0.160000,-0.839100
0.203700,0.384100,-0.757000,0.995400,-0.080640,-0.052130
0.064020,-0.225800,0.671800,-0.297300,-0.183800,-0.936900
0.073540,-0.340500,0.562900,-0.516800,0.157300,0.841600
0.025850,0.324500,-0.610300,-0.747900,-0.540500,0.385400
-0.054520,-0.390600,0.783700,0.854000,-0.282800,-0.436700
-0.065100,0.276000,0.443700,-0.882700,-0.053110,0.466800
0.187900,0.016100,0.710100,0.999400,-0.020320,0.028630
-0.053360,-0.226300,0.723600,-0.872800,-0.291400,-0.391600
-0.121600,0.240500,0.699000,-0.590200,0.263400,0.763100
0.073440,0.482600,0.518700,-0.392500,0.908700,0.142100
-0.023470,-0.010330,0.695400,-0.989500,-0.019640,-0.143100
0.029910,-0.043360,0.571400,0.030650,0.045320,-0.998500
0.012960,0.304500,-0.448100,-0.904400,0.404000,0.137400
0.115600,0.463600,-0.717000,0.430200,0.550200,0.715700
-0.066540,0.397600,-0.736900,-0.799600,-0.158900,-0.579100
0.107600,0.226700,0.754300,0.371800,0.058440,-0.926500
-0.078470,-0.004086,0.796400,0.271500,0.045350,-0.961400
-0.070420,0.135600,0.408700,0.695000,-0.492500,0.523900
-0.174100,-0.382200,0.812700,-0.977600,0.133700,0.162500
0.152500,0.265100,-0.618100,0.962300,-0.167400,0.214300
-0.147800,0.083090,0.655400,0.655500,0.579400,0.484400
0.088020,0.238100,-0.403700,0.415400,-0.896800,-0.152600
0.121300,-0.303500,0.720100,-0.281000,0.114900,0.952800
0.103400,0.339500,-0.757200,0.078660,-0.138400,-0.987200
-0.156600,-0.099810,0.655400,-0.766900,-0.068300,-0.638100
-0.096130,0.208800,0.519300,0.539600,0.183900,0.821600
0.143200,-0.052030,0.510800,0.772600,0.584700,-0.247400
0.046410,0.207100,-0.265900,0.581600,-0.812500,-0.039650
-0.046880,0.141600,0.768200,0.108400,-0.526400,-0.843300
-0.147700,-0.181200,0.727700,0.565600,0.124000,-0.815300
0.013510,-0.419800,0.590000,0.665900,0.017390,0.745900
0.026030,0.465000,0.425100,0.327600,-0.100900,-0.939400
-0.007739,-0.293400,0.602700,-0.946300,-0.037110,-0.321300
-0.161800,0.277400,0.589100,0.949500,0.260400,0.175200
0.038860,0.268800,0.652800,-0.860100,-0.509400,0.028750
0.002516,0.435100,-0.868800,0.204500,0.213600,-0.955300
0.152600,-0.288500,0.618100,0.246600,-0.086970,-0.965200
0.057460,0.429900,-0.583900,0.351400,0.474300,0.807200
0.017340,0.556400,0.559700,0.354500,0.859900,0.367400
-0.077470,0.481200,0.481600,-0.836300,0.540300,-0.093000
0.131400,-0.182900,0.611900,-0.219200,-0.072070,-0.973000
-0.028630,0.408200,0.613700,-0.389800,0.882600,0.262800
0.099500,0.360000,0.702000,-0.464700,-0.506600,-0.726300
0.103600,0.074610,0.744500,0.991000,-0.042190,0.126700
0.026000,-0.014620,0.385300,-0.144300,0.326700,0.934000
0.051820,0.149800,0.774300,0.239200,0.366600,0.899100
0.172000,0.192700,0.666100,-0.464700,-0.110800,0.878500
-0.000460,0.103700,0.241900,-0.331300,-0.897000,-0.292800
-0.168500,-0.273400,0.725600,-0.933300,-0.182300,-0.309400
0.084330,0.237200,-0.757300,0.035870,-0.999400,-0.000745
-0.116600,-0.110500,0.815300,-0.239400,-0.096890,0.966100
-0.083730,0.388100,0.538600,-0.269200,0.929200,-0.253400
0.182500,0.094390,0.663600,-0.018840,-0.049630,-0.998600
0.010160,0.365100,-0.793500,-0.397800,-0.911300,0.106100
-0.154500,0.016140,0.737400,0.874300,-0.021390,-0.484900
-0.103600,-0.474500,0.783700,0.984900,-0.169400,-0.035870
-0.065750,0.310700,0.709100,0.476000,-0.199500,-0.856500
0.004629,0.120100,0.055930,0.230900,0.954100,0.190600
0.110300,-0.398000,0.652800,0.681900,-0.363600,0.634700
0.098750,0.251800,0.582600,0.616500,0.174700,-0.767700
0.074620,-0.120500,0.569200,0.663300,0.283400,-0.692600
0.062830,-0.139500,0.693900,0.529100,-0.309400,0.790100
-0.002848,0.148900,-0.071910,0.524000,0.711600,-0.468000
0.092460,0.351600,-0.558700,0.333500,0.611900,0.717200
-0.049980,-0.303600,0.768300,0.981900,0.120700,0.145900
-0.099490,-0.353700,0.851600,-0.245300,-0.585900,-0.772400
-0.053880,-0.072750,0.590100,0.341600,0.037730,0.939100
0.036140,0.476700,-0.681900,0.447500,0.886900,0.114900
0.185800,-0.120200,0.693600,0.639900,0.051640,0.766800
0.032160,-0.032260,0.759900,0.181600,-0.759800,0.624300
-0.010920,0.305600,0.512400,0.396900,0.013420,-0.917700
0.060130,0.248000,-0.590000,-0.454500,-0.798300,-0.395100
-0.130100,0.157600,0.719900,0.580400,-0.512900,-0.632500
0.114500,-0.044290,0.658300,-0.119600,-0.658100,0.743300
-0.009105,-0.204900,0.632600,-0.863300,0.034210,0.503600
-0.110200,0.106300,0.580400,-0.292800,-0.526300,-0.798300
0.109200,0.155000,0.707900,0.955800,0.291900,-0.034670
0.071470,0.408800,0.476800,-0.540800,-0.572500,0.616300
0.174400,0.318500,-0.685900,0.843800,-0.065650,0.532700
-0.064950,0.454200,-0.816200,-0.635000,0.772000,0.027880
-0.079710,-0.151200,0.611000,-0.727400,-0.056460,0.683900
0.101200,0.239700,-0.677200,-0.500000,-0.830500,-0.245500
-0.136300,0.132400,0.360300,-0.829800,-0.460000,-0.315900
-0.163300,0.250600,0.500100,0.866400,0.292900,-0.404500
0.093940,0.490000,-0.790900,0.147200,0.946200,-0.288200
-0.011170,0.023330,0.621800,-0.152100,-0.165900,-0.974300
-0.126400,-0.400600,0.744600,0.817100,-0.490800,0.302400
-0.043770,-0.091820,0.720000,0.939500,-0.053800,0.338400
-0.082090,0.085700,0.297100,-0.625600,-0.778100,-0.056370
0.061140,0.295200,0.728900,-0.345600,0.235600,0.908300
0.098640,-0.431400,0.581300,-0.744300,-0.660200,0.101200
-0.166000,0.354900,0.571100,0.454600,-0.864800,-0.213300
-0.136300,0.148900,0.462100,-0.588900,-0.699100,0.405600
0.026120,0.407700,0.552500,0.884100,0.113900,-0.453200
-0.100200,0.440500,0.623600,-0.626300,-0.742900,-0.236300
0.072080,0.321800,-0.390400,0.547200,0.816300,0.185000
0.018680,0.150700,0.555100,0.462100,-0.664400,-0.587300
-0.167700,-0.023700,0.671900,-0.956100,0.056570,-0.287700
0.186600,0.232200,0.731200,0.885900,0.458900,0.067890
0.079510,-0.305100,0.650800,-0.838500,0.113700,-0.533000
-0.084350,-0.267900,0.656400,-0.494700,0.492800,0.715800
0.091060,0.000734,0.715900,-0.895600,0.143700,-0.421100
0.007443,-0.428400,0.667400,0.779100,-0.283600,-0.559100
0.026990,0.276600,-0.517000,-0.969800,-0.219100,-0.107200
-0.060150,0.067940,0.783700,-0.143400,-0.292800,-0.945400
0.053490,0.103400,0.619000,0.486500,-0.693700,-0.531100
-0.050450,0.553300,0.528400,0.590800,-0.806400,-0.024960
0.007342,-0.156100,0.575700,0.876600,-0.055280,0.478100
-0.069780,0.202100,0.449900,-0.999600,-0.002704,0.029190
-0.016540,0.360900,-0.659200,-0.809800,-0.584900,0.047110
-0.014300,0.233500,-0.232400,-0.883100,0.461600,0.083630
-0.105400,0.207100,0.362300,0.285300,0.772700,-0.567000
0.165600,0.455100,-0.770400,0.593400,0.634700,-0.495000
0.109100,0.374900,0.630600,0.586500,0.405100,-0.701400
-0.032690,0.471600,-0.707500,-0.350200,0.902200,-0.251900
-0.059390,0.145400,0.545200,-0.113000,0.713700,0.691200
0.151600,0.369600,-0.806200,-0.229000,-0.685000,-0.691600
-0.171300,0.191800,0.670500,-0.995500,0.055070,-0.077250
0.111500,-0.376300,0.722100,-0.662000,-0.025940,0.749100
-0.023400,0.374200,-0.898300,-0.084770,-0.096850,-0.991700
0.099280,0.234600,0.673400,0.959100,0.149400,0.240600
0.197800,-0.289100,0.674600,0.995800,-0.003593,0.091600
-0.036680,0.143000,0.345200,0.945500,0.006280,0.325600
0.008129,0.262700,-0.389400,-0.825600,-0.558900,0.077600
0.093200,0.249300,-0.301200,0.735200,-0.377100,0.563300
0.090160,0.342400,-0.831900,0.884500,-0.146100,-0.443000
0.064920,0.476600,-0.855200,-0.047370,0.766800,-0.640200
0.140000,0.387600,-0.703400,0.824700,0.509700,-0.245100
-0.134600,0.269400,0.429500,-0.478900,0.531600,-0.698600
-0.081860,0.335500,0.490700,-0.418200,-0.462900,0.781600
0.058500,-0.116000,0.774600,0.255700,0.032440,0.966200
-0.067420,-0.154000,0.744300,0.582700,-0.156700,0.797400
0.098570,-0.244400,0.583400,-0.908300,0.030060,0.417300
-0.053450,0.425900,0.444900,-0.651800,-0.115700,-0.749500
0.020410,0.402500,0.663700,0.042830,-0.976300,0.212200
0.009554,-0.268900,0.667900,0.772100,-0.071050,-0.631500
0.006901,0.493200,0.601500,0.233900,0.099820,0.967100
-0.142200,0.291700,0.657000,0.666000,-0.314800,-0.676200
0.101000,-0.106700,0.631600,-0.995300,-0.063750,-0.072350
-0.150300,-0.327700,0.764300,0.962100,-0.110600,-0.249400
0.164400,-0.004718,0.632400,0.989600,0.114500,-0.086610
0.130000,0.286900,0.730700,0.420300,0.606000,0.675300
0.193200,-0.146000,0.630700,0.805100,-0.063050,-0.589800
0.078070,0.326100,-0.497400,0.273500,0.945600,-0.176400
-0.038150,0.338100,-0.751900,-0.673000,-0.155400,-0.723100
0.047010,0.020090,0.586900,0.440300,0.181300,-0.879400
-0.045430,0.379800,0.676900,0.525000,-0.781900,-0.336300
-0.100700,-0.227100,0.771500,-0.167300,-0.724200,-0.669000
0.032420,0.202800,-0.116300,0.336100,0.941100,0.036800
0.120400,-0.171000,0.707600,-0.328500,0.078300,0.941200
-0.010810,-0.372000,0.630800,-0.989400,-0.001183,0.144900
-0.007059,0.307400,0.739900,-0.313600,0.161900,0.935600
0.055600,-0.480800,0.571400,-0.096430,-0.994600,0.037310
0.147200,-0.032450,0.574600,0.093310,0.956400,-0.276800
-0.089290,-0.420900,0.832400,-0.987500,-0.081380,0.135100
0.050760,0.282000,-0.678800,-0.612200,-0.706000,-0.356000
-0.081770,0.054920,0.609800,-0.250300,-0.007016,-0.968100
0.135400,0.297500,-0.559300,0.551100,0.450700,0.702200
-0.065940,0.266500,0.515600,-0.281300,0.863500,0.418600
0.042820,0.285700,0.547200,-0.723900,-0.070090,0.686300
0.134000,-0.239600,0.717800,-0.288500,0.088670,0.953400
0.011070,0.383600,-0.587100,-0.429900,-0.138200,0.892200
0.021080,-0.088040,0.715900,0.443700,0.342100,-0.828300
-0.170900,0.089290,0.719900,0.998000,0.028240,-0.056670
-0.167600,-0.470700,0.772800,-0.953800,0.081250,0.289200
-0.079880,0.202100,0.730600,-0.400800,0.265100,0.877000
0.066660,0.270000,-0.458800,0.446200,-0.859100,0.250700
0.056080,0.174100,-0.060560,0.973000,-0.216800,0.079060
0.004002,0.246300,-0.294800,-0.951600,0.020270,-0.306800
-0.139400,-0.023560,0.787800,0.438900,0.009482,-0.898500
0.037760,-0.286700,0.557500,-0.318900,-0.072520,-0.945000
0.163200,0.315600,-0.755300,-0.188300,-0.279700,-0.941400
0.041280,0.534400,0.495500,0.736500,0.349900,-0.578900
0.076660,0.019330,0.775700,0.490400,-0.183800,0.851900
-0.051780,-0.067710,0.654100,0.833100,0.043800,-0.551400
0.098400,0.309000,0.630700,-0.838500,0.436200,0.326500
0.147900,-0.352300,0.622500,0.158400,-0.080990,-0.984000
0.139200,0.054730,0.695000,-0.949700,-0.313200,0.008282
-0.014600,-0.003441,0.795700,0.284300,-0.165100,0.944400
-0.151700,-0.406100,0.867500,0.568900,-0.516400,-0.640000
0.052980,0.395800,0.609000,0.449500,0.730400,-0.514300
-0.063300,0.448100,0.535300,-0.914400,-0.107900,0.390100
-0.088120,-0.081960,0.766700,0.211800,-0.112300,0.970800
0.066890,0.190500,0.562700,0.546600,-0.208200,-0.811100
0.175200,0.070810,0.744100,-0.083850,0.084460,-0.992900
-0.111100,-0.087150,0.613900,-0.412800,-0.109700,-0.904200
-0.032150,0.056660,0.268900,-0.604800,-0.724000,-0.331900
0.057090,0.389100,-0.857400,0.683000,-0.091820,-0.724600
-0.030000,0.489300,0.438200,0.020200,0.809400,0.586900
0.060110,0.295600,-0.766900,0.095370,0.053090,-0.994000
-0.145900,-0.263200,0.666100,0.673700,0.357800,0.646600
-0.082660,0.099300,0.357800,-0.115900,-0.922500,0.368200
-0.140000,-0.121900,0.744000,0.556900,0.081010,-0.826600
0.171500,-0.229500,0.618900,0.358700,-0.083060,-0.929700
0.012070,0.400900,0.428100,0.123200,-0.383600,-0.915200
0.152500,-0.034450,0.709000,0.026880,-0.942300,0.333700
-0.053700,-0.171000,0.663300,-0.932300,0.053040,0.357700
-0.119600,0.257700,0.549100,0.225300,0.642900,0.732100
-0.038590,0.129600,0.282400,-0.210000,-0.973300,0.092520
0.169200,0.462600,-0.836000,0.261200,-0.447100,0.855500
0.065200,-0.425400,0.687400,-0.304400,-0.125000,-0.944300
0.085030,-0.023900,0.605800,0.798100,0.035860,-0.601500
0.018600,0.441900,0.484800,-0.438400,0.157200,0.884900
-0.153300,-0.165600,0.660100,0.890900,-0.135400,0.433500
-0.040220,-0.012860,0.582400,-0.344300,0.046500,-0.937700
0.155400,0.333500,-0.607600,0.871300,0.229700,0.433600
-0.000357,0.133300,-0.013610,-0.489300,-0.856100,-0.166700
0.049940,0.210400,0.759800,-0.535800,-0.067960,-0.841600
-0.038940,0.192500,0.511400,0.190900,-0.066240,-0.979400
0.148200,0.183000,0.759300,0.095840,-0.156500,0.983000
0.016280,0.147700,0.112600,0.480800,0.810600,0.334400
-0.069140,-0.345900,0.731100,-0.840100,0.325800,0.433800
-0.034140,0.441400,-0.760500,-0.608100,-0.380600,0.696700
0.192600,-0.067380,0.668000,0.712000,0.678300,0.181500
0.091050,0.119200,0.661600,0.992000,-0.058300,-0.112000
0.079000,0.441400,-0.662200,0.588000,0.806300,0.064130
-0.043890,-0.026980,0.747900,-0.167200,0.921200,0.351300
0.172100,-0.350800,0.719200,0.647900,0.091660,0.756200
-0.173500,0.133500,0.675700,-0.998800,-0.036130,0.031990
0.018210,-0.348300,0.580300,0.697000,0.164600,0.697900
-0.139100,0.023720,0.649500,-0.446700,-0.571700,0.688200
-0.042330,0.385000,-0.809800,-0.462800,-0.540200,0.702800
0.071880,0.472600,0.582100,0.980900,-0.161700,0.108000
-0.117400,0.045340,0.784400,-0.973500,-0.162500,0.160800
-0.115100,0.160200,0.549700,0.604100,0.388700,0.695700
0.031090,0.067160,0.283000,0.954500,-0.292500,0.058560
0.016820,0.467600,-0.599500,0.365500,0.614400,0.699300
0.005672,0.473400,-0.824800,-0.170300,0.794200,-0.583300
0.029940,0.344200,0.538500,0.844300,0.003925,-0.535900
-0.054310,-0.012810,0.637800,-0.076590,-0.667600,-0.740500
-0.005042,0.179500,0.759600,-0.217400,0.337800,0.915800
0.009390,-0.237700,0.576100,-0.740400,-0.050220,-0.670300
0.045860,0.266000,-0.261800,0.440300,0.598700,0.669100
0.113400,-0.067920,0.465000,-0.662500,-0.678500,0.317400
0.002706,0.115000,0.792800,-0.157200,0.358900,0.920100
-0.060060,-0.285000,0.704500,0.855200,-0.302000,-0.421300
-0.003862,-0.105200,0.598400,0.875000,-0.010670,0.483900
0.062900,0.494900,0.455400,0.650500,0.624500,-0.432300
0.113200,-0.114600,0.695000,-0.751200,0.049100,0.658300
0.018950,-0.171900,0.668200,0.518100,0.429700,-0.739600
-0.009641,0.188500,-0.031620,-0.690800,0.693000,0.206200
0.203700,0.137900,0.691700,0.974400,0.111800,-0.195300
0.094360,-0.372100,0.606100,0.891800,-0.404700,-0.202500
0.068250,-0.446100,0.530000,-0.803300,0.346200,-0.484600
-0.052870,0.434000,-0.866400,-0.084970,0.725000,-0.683500
-0.034410,0.405700,-0.686300,-0.963100,-0.269000,0.009699
0.155800,0.240800,-0.668600,0.272900,-0.961900,-0.014800
0.075250,0.065170,0.698100,-0.074540,0.965000,-0.251200
-0.173300,0.305200,0.538800,0.981300,0.069290,-0.179500
-0.178200,-0.072570,0.701200,-0.951200,-0.003858,-0.308600
0.103300,-0.298300,0.592500,0.985100,0.005442,-0.172100
-0.017760,0.337600,-0.855600,-0.290800,-0.956700,0.012080
-0.101700,0.461200,0.572100,-0.980600,-0.176500,-0.085250
-0.145200,-0.329500,0.823800,-0.452900,0.463500,0.761600
-0.078880,-0.203900,0.625700,0.560200,-0.262300,-0.785700
0.105600,0.401000,-0.588100,0.738200,0.409700,0.535900
0.123300,0.244900,-0.576500,0.303700,-0.818900,0.487000
-0.031100,0.545000,0.582000,-0.310900,0.716900,0.624100
-0.056630,0.255500,0.731600,-0.441400,0.226100,0.868400
0.094640,-0.171100,0.570900,0.899300,0.091070,-0.427800
0.112900,0.285100,-0.759100,0.264700,0.164900,-0.950100
0.052960,0.396300,0.706800,0.377900,0.331600,0.864400
-0.012420,0.020230,0.369100,-0.403400,0.215900,0.889200
-0.011870,-0.048390,0.622900,-0.854600,0.141000,-0.499700
-0.145500,-0.428200,0.811200,0.966500,-0.183200,-0.179800
-0.133100,0.368400,0.528700,-0.183700,0.981700,-0.049450
0.063550,0.084450,0.785000,0.257700,-0.092720,0.961800
0.065950,0.241900,0.719200,-0.973400,-0.216700,0.074550
-0.166100,0.249500,0.634500,-0.991700,-0.094020,-0.087930
-0.038140,0.354400,0.514800,-0.040550,0.306300,-0.951100
0.043100,0.245000,-0.353200,-0.601500,-0.798700,0.017030
0.084210,-0.352400,0.679000,-0.242600,0.020380,0.969900
-0.105900,-0.480500,0.730900,0.710600,-0.673600,-0.203000
-0.082200,-0.335400,0.804800,0.863100,0.228700,0.450400
-0.158000,0.120500,0.619100,-0.795400,-0.328000,-0.509700
-0.158300,0.330800,0.617800,-0.603000,0.608900,0.515500
0.153000,0.138400,0.663500,0.095390,0.046730,0.994300
0.074350,0.491100,-0.741700,-0.281800,0.846600,0.451500
-0.122500,0.126400,0.411500,0.272400,0.943300,-0.189600
0.143900,-0.131300,0.605300,-0.188600,-0.072190,-0.979400
0.015730,0.189200,-0.226900,-0.045170,-0.984500,-0.169400
-0.034570,0.458200,0.598000,0.116200,-0.983200,-0.140800
0.084050,0.286200,-0.353400,0.869200,0.436500,0.232100
-0.101300,0.379200,0.587500,0.403800,-0.899600,-0.166400
-0.087110,0.113500,0.787400,0.061150,0.457000,0.887300
-0.065710,0.190700,0.392600,-0.530800,-0.831700,-0.162800
-0.121800,0.327800,0.457800,-0.191500,0.454100,-0.870200
0.117000,0.486800,-0.837700,0.294700,0.841700,-0.452400
0.211000,0.075740,0.706400,-0.991000,-0.128700,-0.038060
0.056100,-0.400600,0.566700,-0.233500,-0.112700,-0.965800
-0.056090,-0.055880,0.798500,0.235300,0.179600,0.955200
0.082450,-0.174800,0.661000,-0.437000,0.228500,-0.870000
0.022360,-0.478700,0.646500,-0.981800,-0.175700,-0.072550
-0.167000,0.197500,0.462000,-0.870300,-0.185200,0.456400
-0.058050,0.499000,0.526300,0.954800,-0.295100,-0.035200
0.020660,0.068230,0.599900,-0.037380,0.488400,-0.871800
0.134000,0.245600,0.636700,0.201700,-0.534800,-0.820600
0.012510,0.436000,0.599300,-0.232100,-0.863300,-0.448100
0.092730,0.126500,0.753000,-0.688900,-0.344400,-0.637800
0.035380,0.508000,0.559100,0.819100,0.280600,0.500300
0.198900,0.182200,0.729000,0.989400,0.137300,0.047500
0.123100,0.012190,0.670800,-0.827500,0.560700,-0.029190
0.000378,-0.318200,0.656100,0.826000,0.078040,-0.558200
0.021620,0.327100,-0.399300,-0.425100,0.894800,0.136700
-0.003344,-0.061670,0.782800,0.340200,0.173100,0.924300
-0.064660,0.416800,0.576800,-0.429100,-0.738600,0.520000
0.035200,-0.091800,0.553100,0.037690,0.577100,-0.815800
-0.013040,0.160100,0.028180,0.918100,-0.361600,-0.162400
0.129800,0.339100,0.660700,0.990700,0.112100,0.077450
-0.161100,0.291600,0.467600,-0.974700,0.057100,-0.216100
-0.155500,0.225200,0.586500,-0.957700,-0.054110,-0.282800
0.098930,-0.478800,0.601800,0.103100,-0.963700,0.246400
-0.134900,-0.054460,0.647900,0.679400,-0.051400,0.731900
-0.152000,-0.240900,0.761000,-0.809200,0.373000,0.453900
-0.031250,0.454800,0.480200,0.330000,0.244900,0.911700
-0.162700,-0.213800,0.672700,-0.902600,-0.130600,-0.410200
-0.098870,-0.397200,0.877600,-0.231000,-0.483000,-0.844600
0.138500,0.010820,0.729800,-0.998900,0.030920,-0.036520
-0.125900,-0.138600,0.627700,-0.669100,0.141500,-0.729600
-0.043060,0.092170,0.328200,0.725900,-0.459300,0.512000
-0.109900,0.122800,0.315800,0.882800,0.162400,0.440800
-0.092090,-0.424100,0.771200,-0.185800,-0.423300,0.886700
0.037520,0.157300,0.042070,0.945800,0.237500,0.221600
0.098990,-0.261100,0.640200,-0.872700,-0.013570,-0.488000
0.169400,-0.163700,0.710200,0.337300,0.077470,0.938200
0.083880,-0.072270,0.597500,0.763600,0.011100,-0.645600
0.024400,0.260600,-0.763200,-0.480400,-0.701100,-0.526900
-0.072320,0.414600,0.654500,-0.485100,-0.846900,-0.218000
-0.163100,0.045070,0.686500,-0.955200,0.032830,-0.294300
0.122400,0.106100,0.696900,-0.949600,-0.313100,0.017030
-0.041340,-0.131300,0.690800,0.998200,-0.055730,-0.024260
-0.037850,0.401700,0.526500,-0.733100,0.357100,0.578800
0.066240,-0.043950,0.727100,-0.561500,0.292900,-0.773900
0.052590,-0.285300,0.686200,0.329300,0.102400,0.938700
0.158900,0.425000,-0.728000,0.513800,0.137600,0.846800
0.004239,-0.042800,0.721300,-0.663400,-0.112900,0.739700
-0.078720,-0.275800,0.797100,-0.698400,-0.376000,-0.609000
-0.168300,-0.141200,0.699100,-0.944100,-0.028660,0.328400
0.056140,0.265500,-0.723900,-0.361300,-0.818700,0.446300
-0.014650,-0.076760,0.684500,-0.851000,-0.210200,0.481300
-0.054530,-0.219100,0.667500,0.883200,-0.148500,-0.444900
0.055860,0.241200,0.560600,-0.737000,0.151600,0.658700
0.115400,0.188100,0.673400,-0.562600,-0.277900,-0.778600
-0.006738,0.119300,0.191800,-0.385100,0.884900,0.261900
-0.008988,0.344100,-0.703700,-0.687000,-0.597500,0.413500
-0.021400,0.525100,0.500500,0.150900,-0.921300,0.358400
0.061320,-0.055350,0.387600,-0.461500,-0.823400,-0.330100
0.028910,0.338800,-0.564500,-0.803100,0.420100,-0.422500
-0.060510,-0.116700,0.640100,-0.859600,-0.028190,0.510200
0.197700,-0.239100,0.661900,0.980200,-0.035860,-0.195000
0.070770,0.403800,0.662900,0.309000,0.936100,0.168300
0.089540,0.292700,0.674900,-0.401900,0.909800,0.103700
0.168700,-0.296400,0.719500,0.474900,0.051650,0.878500
-0.122000,0.232000,0.399700,0.062390,-0.517600,0.853300
0.055690,-0.155900,0.543100,-0.189000,-0.114400,0.975300
0.024080,0.260100,-0.434600,-0.517400,-0.666800,-0.536300
0.095060,0.294200,-0.421800,0.706400,0.363100,-0.607600
0.021330,0.224400,-0.195200,0.808900,0.379200,0.449300
-0.061800,-0.373700,0.830500,0.868600,0.194700,0.455600
-0.019050,0.397500,-0.770400,-0.894000,-0.266900,0.359800
0.029270,0.335200,0.727700,0.566600,0.198300,0.799800
-0.003868,0.566600,0.518700,-0.094750,-0.982000,0.163200
-0.093220,0.288900,0.479300,-0.301700,-0.418800,-0.856500
-0.007979,0.427600,-0.596400,-0.702500,0.108800,0.703300
0.085790,-0.432100,0.626600,-0.901000,-0.055690,-0.430200
0.124900,0.461900,-0.876800,0.301600,0.655300,-0.692600
0.166300,0.029600,0.665300,0.514900,0.304400,-0.801400
0.035610,0.260200,0.749900,-0.647500,-0.363100,-0.670000
-0.175000,-0.028470,0.739600,-0.986800,0.067270,0.147400
-0.153400,-0.311300,0.702700,-0.823200,-0.284800,-0.491200
-0.147900,-0.471600,0.833800,-0.691600,-0.688300,0.218700
-0.105400,0.303900,0.685400,0.626800,-0.349300,-0.696500
0.152600,0.422300,-0.809900,0.412500,0.203400,-0.887900
-0.034010,0.345500,0.714100,0.383500,-0.307900,-0.870700
0.093170,0.197700,0.716800,0.900000,0.430900,-0.065400
0.035980,0.335300,-0.767100,0.100400,0.054770,-0.993400
0.169000,0.361100,-0.728200,0.180300,-0.054310,0.982100
-0.136500,-0.362500,0.720100,-0.597200,-0.511200,-0.618100
0.075130,-0.090060,0.705100,0.543200,-0.305300,0.782100
-0.060890,-0.253900,0.760100,-0.826300,-0.302100,-0.475400
-0.132500,0.207900,0.548000,0.750100,0.328900,0.573700
0.153100,-0.388500,0.700100,-0.026700,-0.996500,0.079230
-0.167000,-0.110800,0.780400,-0.760700,0.150600,0.631400
0.037090,-0.455500,0.607700,-0.867600,-0.136700,-0.478000
-0.111700,-0.159800,0.756200,-0.042790,-0.314700,0.948200
0.123400,0.238800,-0.732700,0.096470,-0.995300,-0.004038
-0.011250,-0.249400,0.616200,0.990200,0.053210,0.129400
0.018090,0.112600,0.587600,0.396400,-0.446500,-0.802200
-0.056670,0.242700,0.474400,0.949300,-0.311300,0.044130
0.125500,-0.470500,0.562100,0.972200,0.016370,0.233500
0.131600,0.483700,-0.758800,0.382500,0.892500,0.239100
0.083740,0.247300,0.632200,-0.385000,-0.687400,-0.615900
0.098760,-0.212000,0.639800,-0.905500,-0.015130,-0.424100
-0.162200,0.055240,0.760000,0.770900,-0.047260,-0.635200
-0.152800,0.124600,0.742800,-0.490200,0.740500,0.459700
-0.108700,0.177800,0.484500,-0.096120,0.692700,-0.714800
-0.118000,-0.062360,0.799300,0.269600,-0.225300,-0.936200
0.163200,-0.392700,0.637600,0.134900,-0.946900,-0.291800
-0.085060,0.348500,0.674100,-0.523700,0.693500,0.494800
-0.090720,-0.375800,0.760000,-0.770400,0.375000,0.515700
-0.081030,0.236400,0.419400,-0.719000,0.077310,0.690700
-0.164200,-0.371900,0.769400,-0.922900,-0.199100,-0.329600
-0.093530,0.155500,0.747000,0.335700,-0.649500,-0.682200
0.017410,0.316900,-0.654400,-0.703700,-0.695700,0.144300
0.000894,0.005936,0.577100,-0.004821,-0.126600,0.991900
0.059430,0.433400,-0.868400,-0.063920,-0.396200,-0.915900
0.034200,0.457700,0.561500,-0.702500,0.279400,-0.654500
-0.020110,0.261500,0.506800,0.405800,-0.135900,-0.903800
0.101200,-0.264400,0.698600,-0.672300,0.079750,0.736000
-0.093720,-0.474500,0.827800,0.638200,-0.769500,0.023020
0.031040,0.335300,-0.830500,-0.225100,-0.842300,0.489700
0.188400,-0.327600,0.645300,0.790200,-0.075310,-0.608200
0.047980,0.063070,0.645300,-0.536700,0.788300,0.301000
0.051810,0.433100,0.443800,0.615900,-0.073740,-0.784300
-0.062780,0.178200,0.334900,-0.529900,-0.804200,0.269000
0.171700,0.256200,0.692000,0.826400,0.559900,-0.060330
-0.048120,0.029930,0.804500,-0.062540,0.186400,0.980500
0.010240,0.501200,0.454300,0.155800,0.203400,-0.966600
-0.161900,0.160500,0.427100,-0.922300,-0.385900,-0.023070
-0.083420,-0.053200,0.623400,0.264400,0.113400,-0.957700
-0.064120,-0.098350,0.810200,0.334600,0.276700,0.900800
-0.016160,0.471500,-0.661600,-0.425200,0.904600,0.028860
-0.086940,-0.194300,0.742300,-0.368800,-0.253300,-0.894300
0.032830,0.399800,0.509100,0.811500,-0.561400,-0.162200
0.108300,0.367700,-0.791400,0.501300,-0.854600,-0.135700
0.027900,0.206400,-0.047710,-0.229400,-0.904700,-0.359000
-0.047640,0.292400,0.481300,0.932700,0.268300,-0.240900
0.193800,0.358700,-0.796900,0.538400,0.120100,-0.834100
0.061530,-0.393200,0.657100,0.520000,-0.007192,0.854100
-0.165000,0.241300,0.445200,-0.978000,0.184400,-0.097700
0.122700,0.456300,-0.805600,0.282000,0.422900,-0.861100
0.005252,0.058620,0.245600,0.395900,-0.733600,-0.552300
0.054450,-0.072770,0.767000,0.209000,0.184900,0.960300
-0.122100,0.058290,0.628100,-0.428600,0.009577,-0.903500
-0.130500,-0.370600,0.818600,-0.719400,0.297700,0.627600
-0.124000,0.166100,0.334900,-0.650500,0.417300,-0.634600
-0.110400,-0.251800,0.624800,-0.197000,-0.510000,-0.837300
-0.089840,0.120900,0.272100,-0.655700,-0.053650,-0.753100
0.098920,0.320600,0.721200,-0.379600,-0.559600,-0.736700
-0.120500,-0.440000,0.719000,-0.570000,-0.783000,0.248900
-0.046610,-0.170400,0.709600,0.986200,-0.052110,0.157200
0.049340,0.293300,-0.590900,-0.806200,-0.319900,-0.497700
0.175100,-0.049550,0.632300,0.803400,-0.451100,-0.388700
-0.009954,-0.419800,0.628400,-0.983100,-0.030900,-0.180700
0.135900,0.124600,0.747500,-0.728900,-0.277000,0.626100
0.098050,0.205000,0.600700,0.887200,-0.177600,-0.425900
0.171000,0.280900,-0.654200,0.998900,-0.045220,0.011920
0.002675,0.163300,0.074320,-0.294000,0.895800,0.333300
-0.131400,-0.067340,0.758200,-0.567200,-0.101900,0.817300
-0.008915,-0.062780,0.572600,0.002157,0.001359,-1.000000
-0.149000,-0.432200,0.764000,0.528500,-0.839100,0.128500
0.020770,-0.223000,0.670200,-0.304700,0.268600,0.913800
0.129900,-0.068830,0.613100,-0.285800,0.671900,-0.683300
0.099470,-0.205200,0.691200,-0.829600,0.091930,0.550800
-0.105700,0.252200,0.506500,-0.494600,-0.380600,-0.781400
-0.166400,-0.225800,0.713900,-0.868000,0.334000,0.367400
0.063990,0.141400,0.601700,0.669000,-0.206800,-0.713900
-0.046900,0.180300,0.749500,-0.293500,0.340900,0.893100
-0.012990,0.531000,0.542900,0.062670,-0.994900,-0.078890
0.089770,0.247900,-0.621100,-0.577300,-0.802300,-0.151900
0.020970,-0.130300,0.696600,0.403800,0.411200,-0.817200
-0.138800,0.201200,0.698500,-0.549100,0.259000,0.794600
-0.069210,0.015800,0.597500,-0.331400,0.275400,-0.902400
0.035830,0.138600,-0.035780,0.556200,-0.824800,-0.101900
0.057890,0.249600,-0.529000,-0.411400,-0.894200,-0.176700
0.142900,0.250700,0.752700,0.346700,0.491300,0.799000
0.107000,-0.150100,0.624200,-0.920000,-0.229200,-0.317900
0.120000,0.414200,-0.676700,0.564300,0.760200,0.322000
0.040850,0.296200,0.691500,-0.210100,0.893400,-0.397200
0.026360,-0.388000,0.615200,0.927600,0.200500,0.315200
0.177800,-0.019670,0.678200,0.921900,-0.294400,-0.251700
-0.136100,0.205600,0.505200,-0.133200,-0.611500,0.780000
-0.066740,0.103600,0.576400,0.124800,0.596000,0.793200
0.019130,-0.323000,0.616700,0.975200,0.109000,0.192600
0.089720,0.295400,0.591600,0.699800,0.065650,-0.711300
0.202300,-0.106700,0.655900,0.995400,0.022530,-0.092890
-0.022340,0.129800,0.563100,-0.091230,0.536500,0.838900
-0.141800,0.141500,0.581500,-0.790300,-0.275300,-0.547400
-0.036540,0.474500,-0.786600,-0.547400,0.836700,-0.012700
0.118900,-0.072810,0.696600,-0.947400,0.089220,0.307400
-0.082060,0.151400,0.445900,0.572600,-0.663800,0.481200
0.061110,0.389800,-0.572000,0.285100,0.353200,0.891100
0.155700,0.328800,-0.649300,0.912800,0.401100,-0.077270
0.051290,0.320000,-0.441000,0.325400,0.931800,-0.160700
0.078880,-0.278500,0.558200,0.742500,-0.013260,-0.669700
-0.018620,0.414700,0.654500,-0.245400,0.758000,0.604300
0.077600,0.452500,0.490000,0.950800,-0.027600,-0.308400
-0.016020,0.095130,0.289400,0.327800,0.655600,0.680300
0.000250,0.109800,0.105700,-0.238000,-0.951800,-0.193300
-0.005362,0.173900,0.527600,0.515100,-0.329700,-0.791200
-0.012190,-0.156300,0.612500,-0.978700,0.033640,-0.202500
-0.073340,0.412800,-0.809900,-0.528900,-0.535600,0.658300
-0.154800,0.172600,0.384900,0.829400,-0.142100,0.540300
0.178600,0.285200,-0.719000,0.700100,0.128100,-0.702500
0.003973,0.172500,-0.115400,-0.562300,-0.825600,0.045490
0.141800,0.354600,-0.768800,-0.367200,-0.872900,-0.321200
-0.052690,-0.347400,0.769100,-0.995000,0.065590,0.075400
0.118000,-0.437400,0.533800,0.475900,0.875400,0.084800
0.114100,-0.328900,0.626200,0.237800,-0.001656,-0.971300
0.066670,0.286500,-0.299000,0.316500,0.853200,0.414600
-0.029160,0.054330,0.601700,0.214700,-0.420000,0.881800
-0.015520,0.303400,-0.761900,-0.290100,-0.206800,-0.934400
0.005241,0.279300,-0.479600,-0.861900,-0.431800,-0.265800
-0.094610,-0.035160,0.775000,-0.017840,-0.685100,0.728200
0.039320,0.487200,0.496500,-0.907800,-0.102500,0.406600
0.023890,0.378800,-0.879000,0.481900,0.058060,-0.874300
0.024950,0.001600,0.786500,0.253000,-0.236700,0.938100
-0.066420,-0.111400,0.747700,-0.638300,0.110900,-0.761800
-0.111400,-0.304400,0.661000,0.307700,-0.543700,-0.780800
-0.160600,-0.280100,0.767800,0.849000,-0.311800,-0.426700
0.193700,0.410500,-0.786300,0.537100,0.175600,-0.825000
-0.050800,0.356800,-0.873800,-0.656300,-0.753500,-0.038620
-0.017060,0.211600,-0.198400,-0.899400,0.145600,0.412100
0.098300,0.308200,-0.527500,0.507400,0.829500,0.233500
-0.135600,0.359600,0.600900,-0.451500,0.804900,0.385000
-0.069100,0.315200,0.452500,0.125900,0.696000,-0.706900
-0.040550,-0.053060,0.709600,0.983700,0.014850,0.179000
-0.146200,-0.478400,0.739600,-0.060440,-0.998000,-0.015590
-0.046750,0.097330,0.259800,-0.700500,0.108000,-0.705400
0.092560,-0.003459,0.639600,0.872900,-0.082580,0.480800
0.019600,-0.117100,0.784700,-0.337100,-0.282300,-0.898100
0.197900,0.341300,-0.760900,0.781400,-0.250700,0.571500
-0.096540,0.470500,0.532800,-0.985400,0.153400,-0.073340
-0.094310,0.271300,0.706000,0.545200,-0.232200,-0.805500
0.093370,-0.303400,0.688400,-0.975200,0.043980,0.216700
-0.052960,-0.423100,0.815600,0.933100,-0.358400,-0.030940
-0.110200,-0.177100,0.613200,0.591700,-0.092170,0.800800
-0.009143,0.376900,-0.621000,-0.921500,-0.361700,0.141400
-0.003569,-0.201700,0.587700,-0.757700,-0.074520,-0.648300
0.193200,-0.333400,0.688600,0.951500,-0.049730,0.303700
-0.092960,0.026590,0.635500,0.213300,-0.307400,0.927300
0.006945,0.353300,0.507300,-0.074260,-0.751100,0.656000
-0.019200,-0.028190,0.656400,0.979800,-0.128600,0.152900
0.071450,0.174900,0.750600,0.495900,0.270700,0.825100
0.145800,0.087360,0.723200,-0.714600,0.615700,-0.332100
-0.059390,0.530700,0.490500,-0.811000,0.348500,-0.469900
-0.070020,0.388400,0.610100,0.414800,-0.879200,-0.234500
-0.057430,-0.064180,0.746000,0.846800,-0.073150,0.526800
0.160900,0.231200,0.661900,0.834200,0.062730,-0.547800
-0.038660,0.373400,-0.708700,-0.635500,-0.549000,0.542900
0.059970,0.373900,0.574900,-0.747400,-0.501300,0.436000
0.041130,0.291300,-0.635900,-0.745200,-0.664700,-0.053820
0.055170,0.456400,-0.613100,0.465700,0.877600,-0.113600
-0.117500,0.356300,0.494500,0.269500,0.831700,-0.485500
0.172400,-0.247800,0.714100,0.592400,0.051900,0.803900
-0.063670,0.464300,0.448800,-0.758100,-0.107700,-0.643100
-0.059590,0.143200,0.312800,-0.546300,-0.808600,0.218600
0.015740,0.314800,-0.695000,-0.810100,-0.586200,-0.008742
0.063560,0.048830,0.608000,0.463800,0.460200,-0.757000
-0.020770,0.435200,0.425200,-0.307300,-0.120200,-0.944000
0.036790,0.313200,-0.506800,-0.453800,0.877400,-0.155700
0.085130,-0.209700,0.562100,0.700800,-0.091360,-0.707500
0.009588,-0.386500,0.666300,0.775600,-0.012590,-0.631100
0.157400,-0.097320,0.708000,0.222200,0.043300,0.974000
-0.014600,-0.087320,0.631500,0.979400,-0.011110,0.201600
-0.158500,0.269300,0.543500,0.839300,0.484200,-0.247100
0.089860,0.236500,-0.558200,-0.004574,-0.958200,0.286100
-0.052390,0.441800,-0.726000,-0.614100,0.618700,-0.489900
-0.003020,0.401600,0.694900,-0.441400,0.878300,0.183600
0.025970,0.249300,-0.232700,0.298200,0.839300,0.454600
0.143400,-0.327800,0.592500,0.019010,0.997500,-0.067830
0.124700,0.285700,0.613800,0.828500,0.193300,-0.525600
0.028020,0.032700,0.618500,0.510700,-0.652600,0.559700
0.044040,0.316300,-0.356700,0.214600,0.891000,0.400100
0.016320,0.281100,-0.282200,-0.389000,0.863400,0.321200
0.047340,-0.462500,0.671600,-0.209200,0.037630,0.977100
0.026970,0.300900,-0.556100,-0.976200,-0.203700,0.073880
0.191500,0.209700,0.695100,-0.878800,-0.339300,0.335500
-0.028480,0.428400,0.568700,0.451800,-0.020980,-0.891900
0.047340,0.537200,0.533700,-0.873500,-0.479200,-0.085250
-0.175700,-0.005553,0.708400,-0.958600,0.207900,-0.194700
-0.147700,0.055820,0.720200,0.979500,-0.095920,-0.176900
0.083530,0.076290,0.652100,0.783700,0.289100,-0.549800
-0.013930,0.035490,0.785600,-0.252700,-0.321800,-0.912500
0.094180,0.043330,0.724100,-0.865900,0.138200,-0.480700
0.142500,-0.030500,0.614000,-0.989900,-0.020330,0.140600
-0.151500,0.249600,0.670100,0.624900,-0.328500,-0.708200
-0.182700,-0.110300,0.716900,-0.946300,-0.146400,-0.288100
0.091160,0.434400,-0.626400,0.608100,0.793500,0.022340
0.037320,-0.315100,0.583800,0.556900,0.121900,0.821600
0.127900,-0.249900,0.617600,-0.216800,-0.071510,-0.973600
0.188700,-0.197600,0.631400,0.736600,-0.072880,-0.672400
-0.077600,0.168300,0.520600,-0.194200,-0.358700,-0.913000
-0.024700,0.502100,0.578300,0.257400,-0.359500,-0.896900
0.050420,0.233500,-0.399100,-0.201800,-0.971800,0.122100
-0.130800,0.010220,0.772300,-0.609100,0.142300,0.780200
0.055510,-0.437500,0.576300,0.802700,-0.462400,0.376500
-0.099530,-0.305100,0.822500,-0.233600,-0.392200,-0.889700
0.121700,0.334200,-0.575900,0.764800,0.473000,0.437300
0.001561,0.530900,0.595700,0.113700,0.413100,0.903600
0.105600,-0.210000,0.598200,0.945200,0.021530,-0.325700
-0.019390,0.073710,0.782200,-0.123400,0.068230,0.990000
-0.011090,0.222600,-0.269200,-0.899100,0.067100,-0.432600
0.087000,0.383600,-0.834600,0.633700,0.112100,-0.765400
0.036710,-0.317900,0.667200,-0.282400,-0.017250,0.959100
0.102700,0.268000,-0.385500,0.784200,-0.443700,0.433700
0.137100,0.313000,0.687200,-0.869100,-0.494500,0.009735
-0.170400,0.313400,0.581100,-0.959000,-0.216800,-0.182600
-0.165600,0.207200,0.636500,-0.991300,-0.008251,-0.131600
0.009726,0.290300,-0.352700,-0.861200,0.119300,0.494000
0.027060,-0.426000,0.632200,-0.959600,-0.013900,-0.280900
0.146500,0.271100,-0.749700,0.520500,-0.052430,-0.852200
0.166700,-0.013340,0.736600,0.478200,-0.337000,0.811000
0.016230,0.471600,-0.734000,-0.208800,0.972100,-0.107000
-0.085890,-0.396800,0.803300,-0.980600,0.190300,0.046380
-0.038810,0.059850,0.305600,-0.674100,-0.690500,0.262500
0.183800,0.050430,0.691000,-0.936700,-0.057300,0.345500
-0.034230,0.110900,0.788400,-0.172200,0.214500,0.961400
0.143700,-0.136600,0.712200,-0.197000,0.081170,0.977000
0.161500,0.354400,-0.692200,0.883900,0.461400,-0.076420
0.032590,0.468200,-0.645700,0.513700,0.837900,0.184600
0.095770,0.158800,0.661200,0.962800,-0.268500,-0.029670
0.039900,0.113500,0.790200,-0.221200,-0.216900,-0.950800
-0.122800,-0.208000,0.748300,0.429000,-0.504800,-0.749100
0.011300,-0.019130,0.602500,0.624900,-0.292400,0.723900
-0.168200,0.347100,0.528700,-0.823300,0.531400,-0.199300
-0.076550,-0.100000,0.601200,0.421100,0.109100,0.900400
-0.054450,0.432900,0.627600,-0.076410,0.797000,0.599100
0.000797,0.219000,-0.164000,-0.036850,0.964800,0.260200
0.089220,0.354500,0.604400,0.514100,0.509400,-0.690100
-0.056810,0.388800,-0.891800,-0.406400,-0.005693,-0.913700
-0.026680,0.514200,0.465300,0.876000,-0.422800,-0.232100
0.041360,0.492400,-0.777200,-0.268200,0.962100,0.048870
0.104500,0.206500,0.643300,0.999900,-0.012330,-0.009198
0.015980,0.434000,0.645000,-0.291300,0.824300,0.485500
0.062600,0.233900,0.677200,-0.829800,-0.554400,0.063700
0.100600,-0.358700,0.643200,-0.681200,-0.040150,-0.731000
0.018610,-0.352500,0.641400,0.992500,0.102400,-0.066370
0.013430,0.280900,0.524700,-0.429200,-0.039730,0.902300
0.064410,0.493100,-0.812600,-0.003477,0.954000,0.299700
-0.068310,0.528400,0.557200,-0.894000,0.367300,0.256600
-0.096970,0.113200,0.388600,-0.103400,-0.927100,0.360200
0.082880,0.459500,-0.700900,0.394100,0.722800,0.567700
0.003362,0.186600,-0.066460,-0.874000,0.232800,0.426500
-0.094060,0.077810,0.793500,0.361900,-0.069620,-0.929600
0.037050,0.261200,-0.564900,-0.938100,-0.071700,-0.339000
-0.056760,-0.311500,0.731000,-0.853900,0.291300,0.431300
-0.028710,0.212100,0.743800,0.269100,-0.135900,-0.953500
0.049000,0.045420,0.785300,0.245000,-0.110700,0.963200
0.094990,0.280100,0.738600,-0.142900,0.255000,0.956300
0.062050,0.340000,-0.808800,0.076060,-0.933700,0.350000
0.014980,0.124200,0.018160,0.103300,-0.973100,-0.206100
-0.096980,0.274100,0.426200,-0.098910,-0.543800,0.833400
-0.038670,0.419100,0.494600,0.741400,0.388600,0.547100
0.055820,-0.068800,0.574700,0.732100,0.236500,-0.638900
0.013960,0.152000,0.773800,0.047570,-0.467100,-0.882900
0.000756,0.469900,0.470100,-0.099490,0.220200,0.970400
0.065140,0.351600,-0.856500,0.558200,0.089260,-0.824900
-0.155400,-0.082500,0.727600,0.910700,0.030370,-0.412000
0.112900,-0.026850,0.707100,-0.964000,-0.121400,-0.236700
0.031300,0.224200,-0.303800,-0.148100,-0.799200,-0.582500
0.195200,-0.160900,0.684900,0.958600,-0.000186,0.284700
0.074810,0.355900,-0.772200,0.057340,-0.938500,0.340600
-0.062980,0.173300,0.424300,-0.895100,0.161400,-0.415700
0.085720,0.250200,-0.356200,0.808300,-0.417500,-0.415200
0.030420,0.130400,0.084210,0.972500,-0.217300,0.083480
0.035140,0.259100,-0.478100,0.005560,-0.986000,0.166600
0.183700,0.157700,0.669100,0.789600,0.105600,-0.604400
0.190900,-0.268500,0.642100,0.858400,-0.066650,-0.508700
0.035320,0.195000,-0.151400,0.977700,-0.101100,-0.184100
0.041330,0.147900,0.003591,-0.946300,0.316300,-0.066430
0.065630,-0.014170,0.768500,-0.281700,0.255600,-0.924800
0.145500,-0.051440,0.678100,-0.074200,0.665300,0.742800
-0.070870,0.373200,0.652200,0.489100,-0.814100,-0.313100
-0.159700,-0.437400,0.730100,-0.496300,0.867200,-0.040870
-0.059890,-0.406300,0.847000,0.851100,0.265600,0.452800
-0.051440,0.461800,0.566300,0.683700,0.277000,-0.675100
-0.141400,-0.476000,0.796700,0.046250,-0.974100,0.221300
0.039250,0.211500,0.549300,-0.718000,0.197600,0.667400
-0.132800,-0.312400,0.794700,0.699500,-0.197000,-0.687000
-0.133300,0.326000,0.643000,0.633000,-0.459000,-0.623400
-0.048770,0.226700,0.507700,0.522200,-0.652500,-0.549100
-0.145100,0.238300,0.528300,0.127400,0.554000,-0.822700
0.064120,0.339700,0.721300,0.125600,-0.034900,0.991500
-0.053700,0.118700,0.365500,-0.697700,0.504500,-0.508600
-0.117400,-0.102200,0.764000,-0.517600,-0.092980,0.850600
-0.133800,-0.375800,0.862300,-0.419400,0.446500,0.790400
0.135600,0.362400,-0.601800,0.751900,0.469600,0.462700
0.030190,0.412900,-0.867700,0.099690,0.172300,-0.980000
0.043100,-0.251900,0.553000,-0.335800,-0.086730,-0.937900
-0.154600,-0.067860,0.674200,0.895100,-0.070580,0.440300
0.012390,0.134800,0.148100,0.525200,0.778800,0.343000
0.059110,0.336700,-0.546200,-0.207500,0.310300,0.927700
0.159700,0.065700,0.668400,-0.516000,-0.194400,-0.834200
0.104900,-0.406300,0.611900,-0.977500,-0.008585,0.210800
0.138400,-0.347500,0.729200,-0.071860,0.076410,0.994500
-0.005532,0.052530,0.291700,0.626100,-0.298500,0.720400
-0.078140,0.417800,-0.844500,-0.906500,0.287300,-0.309500
0.097230,-0.386800,0.691600,-0.449600,-0.880700,0.149000
-0.029850,0.280900,0.735200,0.356300,-0.204100,-0.911800
0.204800,0.117600,0.727400,0.813600,0.109100,0.571100
-0.038200,0.447000,-0.673900,-0.996900,-0.077300,0.015240
-0.154300,0.166000,0.695800,0.621700,-0.156800,-0.767400
-0.138400,-0.019180,0.653000,0.654900,-0.051750,0.754000
-0.139800,-0.033560,0.753400,0.597700,0.078910,-0.797800
-0.022820,0.398200,0.431200,-0.233400,-0.647300,-0.725600
-0.080870,-0.017300,0.596000,-0.287700,-0.024310,-0.957400
-0.050260,0.163100,0.377500,-0.944900,-0.024490,-0.326500
-0.121300,0.123200,0.758100,0.308800,-0.752100,-0.582200
0.001362,0.492700,0.421500,-0.083230,0.995200,-0.051500
0.003369,0.275500,0.749800,-0.311400,0.208000,0.927200
0.047730,-0.112900,0.710900,-0.058000,-0.413100,0.908800
0.098410,-0.072090,0.635900,-0.914100,-0.153100,0.375400
-0.169800,0.284100,0.507700,0.963800,0.215300,0.157600
0.094540,0.428600,-0.866100,0.117500,-0.286500,-0.950900
0.045340,-0.396900,0.691100,-0.064730,0.043200,0.997000
-0.146800,-0.400300,0.779900,0.974600,0.160900,0.155900
0.161600,0.044910,0.719900,0.985500,0.161100,-0.052940
-0.085070,0.234900,0.719900,0.485000,-0.255100,-0.836500
0.014910,0.165000,-0.023940,-0.978900,0.130900,0.157200
0.061600,-0.370000,0.582400,0.102800,0.077960,0.991600
-0.059140,0.459100,0.501300,-0.899100,-0.238600,-0.366900
-0.110900,0.084030,0.607500,0.368000,0.769700,0.521600
-0.018520,0.563600,0.553700,0.208000,-0.879000,-0.429100
-0.029520,0.390200,-0.645900,-0.722500,-0.394400,0.567900
0.097860,-0.141800,0.591800,0.892200,0.256000,-0.372100
-0.000101,0.290300,-0.408700,-0.981400,0.191600,0.009849
-0.011800,-0.283600,0.635700,-0.926200,0.010340,0.377000
0.093850,0.043120,0.678900,-0.929900,-0.214100,0.298900
0.032860,0.320200,-0.473100,0.011240,0.900100,-0.435500
0.147600,0.462500,-0.736600,0.710400,0.602900,0.363000
-0.127100,0.271600,0.681000,0.649900,-0.325600,-0.686700
-0.089890,-0.372800,0.724500,0.434400,-0.552100,-0.711700
-0.008186,-0.343600,0.611200,-0.965500,-0.038930,-0.257600
-0.005978,-0.038580,0.757200,-0.017660,-0.977100,-0.211800
-0.166800,-0.343300,0.800600,-0.866400,0.294200,0.403500
-0.056620,-0.247700,0.686800,-0.852900,0.313300,0.417700
-0.116100,-0.249300,0.792900,-0.475100,0.521900,0.708500
0.050770,0.456700,0.531300,0.988200,0.153200,-0.001461
0.124900,0.157200,0.745800,0.761900,0.283200,-0.582500
-0.073640,-0.316500,0.701400,-0.817200,0.326100,0.475200
0.013730,-0.122600,0.571000,0.672900,0.277900,0.685600
-0.028100,0.451100,-0.849700,-0.117800,0.789000,-0.603100
0.151700,0.434100,-0.845300,0.286000,-0.442800,0.849800
0.024630,0.530900,0.465600,0.951200,0.155900,-0.266300
0.093880,-0.008924,0.749600,0.724400,-0.132300,0.676500
-0.118200,0.297900,0.439500,-0.444800,0.504600,-0.740000
-0.164400,-0.190500,0.697900,0.910800,0.035800,-0.411300
-0.074330,0.452500,0.590900,0.123700,-0.948700,-0.290900
0.047690,-0.016090,0.582200,-0.570000,0.009237,0.821600
0.018830,-0.199100,0.561900,0.785400,0.054020,0.616700
-0.089010,-0.467000,0.860900,0.067630,-0.973300,0.219300
-0.045110,0.027690,0.622400,0.077640,0.405300,0.910900
0.030300,0.251400,0.529800,0.527500,-0.019020,-0.849300
0.079930,-0.270100,0.672500,-0.531500,-0.105900,-0.840400
-0.016270,0.438800,0.622300,0.204300,-0.773400,-0.600000
0.074680,0.266800,-0.495300,0.693500,-0.610800,0.382200
0.142200,0.374700,-0.663700,0.779000,0.421000,0.464600
-0.101600,0.020540,0.801500,-0.285300,0.059970,0.956600
0.021990,0.400400,0.595800,-0.381700,-0.634900,0.671700
-0.132400,-0.400600,0.839100,-0.814900,0.473300,0.334500
-0.144100,0.183000,0.569700,-0.739100,-0.247400,-0.626400
0.067100,0.006801,0.619600,-0.703800,-0.261500,0.660500
-0.149900,-0.063420,0.787700,-0.746800,0.129300,0.652400
0.026460,0.302100,0.740500,0.647600,0.318400,0.692300
-0.049520,0.498300,0.492500,0.817400,-0.253800,0.517200
0.103100,0.124200,0.720700,0.970400,0.241200,0.011500
-0.080860,-0.240400,0.636900,0.542200,-0.395700,-0.741200
0.033580,0.462300,0.596000,0.014260,-0.961400,-0.274800
-0.167700,0.281000,0.622300,-0.986000,-0.096900,-0.135600
0.064720,0.300200,0.568500,0.603300,0.182300,-0.776400
-0.053450,0.367100,-0.743200,-0.746200,-0.191100,-0.637800
0.147800,0.279900,-0.588100,0.971300,-0.149600,0.184900
0.114400,0.194000,0.749800,0.719300,0.312500,-0.620400
0.120500,0.262100,-0.547700,0.715600,-0.492500,0.495400
-0.106400,-0.342600,0.719200,-0.306900,0.571900,0.760800
-0.013800,0.378600,0.522100,0.232000,0.265900,0.935700
0.129000,0.242000,-0.699700,0.245400,-0.927300,-0.282700
0.000363,0.347200,-0.633500,-0.874200,-0.401000,0.273700
0.079550,-0.477500,0.533300,0.051440,0.991400,0.120100
0.081960,-0.044730,0.756700,0.615900,0.010280,0.787800
0.030390,0.172900,-0.094780,0.697600,-0.703400,-0.136300
0.094890,-0.428100,0.672100,0.679900,-0.487400,0.547800
-0.083580,0.199500,0.489000,0.481200,-0.585100,0.652800
0.025350,0.437300,-0.577900,0.007323,0.163100,0.986600
-0.167200,0.173900,0.633300,-0.965200,0.054720,-0.255900
-0.172000,-0.407000,0.835100,-0.868500,0.259900,0.422100
0.147800,-0.052690,0.548000,0.791000,-0.611100,0.030900
0.059480,0.256100,-0.769100,0.077610,0.041760,-0.996100
0.191300,-0.106700,0.624400,0.737400,-0.073650,-0.671500
0.119900,0.343400,0.628600,0.680700,0.281400,-0.676300
0.086410,0.056020,0.766200,-0.727200,0.044830,-0.685000
0.049300,-0.072650,0.728200,0.057330,-0.450600,0.890900
0.040200,-0.419800,0.666200,-0.423700,0.382100,0.821300
-0.028200,0.359600,-0.825900,-0.241300,-0.772000,0.588000
0.054070,-0.166900,0.676300,-0.352900,0.631600,-0.690300
0.150700,0.102800,0.668000,0.497200,0.169600,0.850900
0.004587,0.339800,-0.891000,0.201200,-0.106000,-0.973800
0.040470,0.487300,-0.835500,-0.144700,0.973100,-0.179300
0.187600,-0.387800,0.692000,0.522200,-0.809200,0.269500
0.182700,0.423900,-0.751000,0.735800,0.541500,0.406700
-0.002438,0.183700,0.007521,-0.525900,0.819800,0.226800
0.186600,0.096170,0.696400,-0.866000,0.132800,0.482200
-0.162300,0.000891,0.765700,-0.767000,0.038960,0.640400
0.157900,0.305300,-0.624700,0.998900,-0.012730,-0.045120
-0.013710,0.139600,0.101500,-0.938900,0.323600,0.117400
0.061070,0.350900,0.551300,-0.798200,-0.409000,0.442100
0.110100,-0.107400,0.742400,0.701900,-0.225600,0.675600
0.093700,-0.135700,0.678900,-0.148600,-0.152000,0.977100
0.078910,0.296400,-0.481500,0.796800,0.316000,0.515000
-0.071020,0.360000,0.509800,0.206700,0.622700,-0.754700
0.096380,0.084060,0.681400,0.963100,0.094060,-0.252000
-0.077170,0.040840,0.793000,0.114300,-0.228400,-0.966800
0.138400,-0.390400,0.670800,-0.026740,-0.996500,0.079300
-0.054450,-0.355300,0.800900,-0.907700,-0.209400,-0.363600
0.083690,-0.087010,0.762700,0.575700,0.223300,0.786600
0.164100,-0.180400,0.612300,0.299500,-0.083550,-0.950400
0.044530,0.430400,0.507800,0.902900,-0.106700,-0.416400
-0.102700,-0.388100,0.845100,0.270300,0.517700,0.811800
-0.165900,0.225000,0.479700,-0.886500,-0.276400,0.371000
-0.007080,0.470600,-0.630200,-0.566800,0.603400,0.561000
-0.003032,-0.002476,0.640100,0.840200,-0.541200,0.033530
0.006677,0.212400,0.756200,-0.271900,-0.104200,0.956700
-0.042660,-0.091670,0.676800,0.978900,-0.021130,-0.203500
0.092190,-0.442000,0.508200,-0.282300,0.285300,-0.915900
0.050460,0.166200,-0.023420,0.978300,0.018850,0.206500
0.061340,0.486900,-0.712200,0.237500,0.761700,0.602800
-0.165100,-0.314600,0.738500,-0.937600,-0.164700,-0.306200
-0.167600,-0.103700,0.688900,-0.261600,0.016830,-0.965000
0.000958,0.329900,-0.770800,-0.012520,-0.027170,-0.999600
-0.141000,-0.090900,0.802400,-0.366800,0.229300,0.901600
0.098550,0.261400,-0.423600,0.787400,-0.155400,-0.596500
-0.003275,-0.171900,0.644700,0.817000,0.316700,-0.481900
-0.102500,-0.457100,0.752900,-0.990600,-0.131700,0.036630
0.070520,-0.234600,0.546800,0.657500,0.036800,-0.752600
-0.109600,-0.018620,0.799200,-0.246000,-0.025900,0.968900
-0.020590,0.077890,0.243800,-0.356200,-0.008423,-0.934400
-0.049080,-0.204400,0.695700,-0.998500,0.052840,-0.011230
-0.068700,0.414800,0.528600,0.434600,-0.591800,0.678900
0.016740,0.528700,0.528400,-0.354400,-0.934300,0.038140
0.051300,0.234400,-0.249600,0.851100,0.173200,0.495600
0.074280,0.277600,0.705400,0.733600,0.208600,0.646800
0.130300,-0.388700,0.629400,-0.188400,-0.686700,-0.702100
0.019070,0.374200,0.534700,0.839700,-0.068280,-0.538800
0.094980,-0.297600,0.623500,0.909600,0.261800,0.322600
-0.003998,0.418800,0.477900,0.271500,0.372800,0.887300
-0.047520,-0.023310,0.670700,-0.518600,0.835900,0.180000
0.090360,0.393400,0.686100,0.393700,0.733400,0.554200
0.012860,0.432900,0.425900,-0.240600,0.163500,0.956800
0.098940,0.023700,0.749000,-0.821600,0.140900,-0.552400
-0.021020,0.360400,-0.767300,-0.300900,0.165000,-0.939300
0.092300,-0.480600,0.570500,0.019820,-0.999300,-0.031050
-0.033920,-0.033210,0.793900,0.157200,-0.231700,0.960000
0.058080,0.511000,0.518800,0.922300,0.383100,-0.051730
0.038100,0.143300,-0.067320,0.485500,-0.835400,-0.257700
-0.041220,0.168700,0.532600,-0.065320,0.258900,0.963700
0.158700,0.266200,0.729700,0.424600,0.559600,0.711800
0.028400,0.314800,0.526200,0.155000,0.032700,-0.987400
0.181900,0.102400,0.744900,-0.410200,0.004795,-0.912000
-0.164700,-0.254500,0.700100,-0.931800,-0.231700,-0.279400
-0.137200,0.368300,0.568600,0.346400,-0.920500,-0.180700
-0.087240,-0.018390,0.627200,0.233700,0.187400,-0.954100
-0.094390,-0.402900,0.743700,0.383600,-0.525500,-0.759400
0.011930,-0.285100,0.579100,0.741600,0.102000,0.663100
0.143300,0.177700,0.662200,-0.048860,0.033270,-0.998300
-0.165400,0.111400,0.654300,0.946900,0.253000,0.198300
-0.076100,0.149400,0.275400,-0.298500,0.749400,-0.591000
0.070240,-0.185700,0.547500,-0.716100,0.029420,0.697400
-0.101900,0.133900,0.561700,0.382400,0.497800,0.778400
-0.127400,-0.049630,0.617400,-0.443100,-0.031330,-0.895900
-0.150400,0.234200,0.415800,0.582600,-0.493600,0.645700
0.103600,-0.347700,0.710800,-0.784900,0.125800,0.606700
0.191300,-0.264000,0.694500,0.921500,0.008405,0.388300
-0.015820,0.466100,-0.752900,-0.342200,0.727800,0.594300
0.025640,-0.378300,0.573500,-0.622000,-0.064990,-0.780300
-0.074210,0.434700,0.467100,-0.834000,-0.104700,-0.541800
-0.168200,0.109100,0.695400,0.998700,-0.019120,0.048240
0.148300,-0.209700,0.610600,0.049020,-0.081810,-0.995400
0.148400,0.024520,0.694900,-0.813200,-0.205200,0.544700
-0.153400,-0.365500,0.839800,0.713300,-0.418400,-0.562300
-0.090510,0.095770,0.325800,0.605900,0.794300,-0.043810
0.121200,0.247300,-0.763000,0.282400,0.037180,-0.958600
-0.034410,0.551300,0.488700,-0.350600,0.795100,-0.494900
0.041490,-0.423400,0.604100,0.819400,0.226900,0.526300
0.002246,-0.142000,0.674100,0.748500,0.335000,-0.572400
-0.028960,0.136200,0.315200,-0.947100,-0.243500,-0.208800
-0.139100,0.095920,0.624600,0.505500,0.749500,0.427400
-0.111200,-0.345700,0.823500,-0.195200,0.372900,0.907100
-0.060800,-0.313800,0.796700,0.857200,0.248600,0.451100
0.061870,0.268600,0.624700,-0.456100,-0.586300,-0.669500
-0.169700,-0.042400,0.698900,0.164300,0.059780,-0.984600
0.172700,0.326200,-0.716300,0.856900,0.447300,-0.256100
-0.136600,-0.099000,0.631200,-0.772200,-0.077970,-0.630600
0.070460,0.267800,0.568600,0.630100,0.224800,-0.743300
-0.008166,0.483300,-0.796700,-0.261500,0.954400,0.144100
0.156000,0.084230,0.693700,0.702700,0.178900,0.688600
0.007910,0.355800,-0.601200,-0.748100,-0.524600,0.406400
0.049740,0.411300,0.636000,0.074240,0.965100,0.251100
0.070550,0.240800,-0.429500,0.176000,-0.741600,-0.647400
-0.151300,-0.197000,0.648000,0.892500,0.012700,0.450900
0.020300,0.039910,0.586700,0.029900,-0.466100,0.884200
0.102900,-0.041200,0.733800,-0.681100,-0.098130,-0.725600
0.106900,-0.013340,0.679600,0.769100,-0.217400,0.601000
-0.066840,-0.175100,0.635300,0.765800,-0.043470,-0.641700
-0.000336,-0.244100,0.651800,0.781500,-0.036630,-0.622900
-0.141800,-0.438100,0.840500,0.956600,-0.107000,-0.271100
0.075680,0.084220,0.754400,-0.934600,0.124400,-0.333300
0.083810,-0.402400,0.635600,-0.776200,0.049040,-0.628600
-0.133100,0.184100,0.358500,-0.608900,0.608200,-0.509200
-0.053600,0.395000,0.552400,0.205800,-0.735200,0.645900
0.005301,0.271600,-0.312700,-0.897000,0.258300,-0.358700
0.104400,0.485500,-0.736500,0.424100,0.834700,0.351400
0.200300,0.069620,0.673100,-0.728100,-0.120200,0.674800
-0.019200,0.217500,0.507100,0.271600,0.076560,-0.959400
-0.136800,-0.294500,0.675700,-0.628900,-0.406800,-0.662600
-0.018400,-0.033310,0.573000,-0.211900,-0.006877,-0.977300
0.086210,0.424300,-0.594400,0.291100,0.588500,0.754300
0.098100,-0.347100,0.588300,0.729600,-0.107300,-0.675400
-0.146400,0.173600,0.477700,0.457400,0.514100,-0.725600
-0.047660,-0.043080,0.584100,-0.345400,-0.022430,-0.938200
-0.161000,0.077640,0.682800,0.922900,0.047070,0.382100
-0.042540,0.412500,-0.749400,-0.229500,0.234300,-0.944700
0.197700,0.179800,0.690500,0.868700,0.105200,-0.484100
0.064920,0.233700,-0.334500,-0.115700,-0.947900,-0.296900
-0.094110,-0.450400,0.808500,0.934900,-0.233600,-0.267000
0.049450,-0.126000,0.547500,-0.341600,-0.225900,0.912300
0.094490,0.271300,-0.322800,0.659900,0.745800,0.091000
-0.060270,0.346300,0.698000,0.581400,-0.467900,-0.665600
-0.083450,-0.365800,0.809600,-0.967000,-0.031200,-0.252900
0.000566,0.465900,0.588800,-0.053670,-0.539700,0.840200
0.094180,-0.096230,0.679300,-0.901300,0.118900,-0.416700
0.038270,0.140300,0.584900,0.521200,-0.506800,-0.686700
0.057020,-0.475800,0.619300,-0.410600,0.594500,0.691400
-0.052020,0.074790,0.600600,0.163500,0.456500,0.874600
-0.039710,0.471600,-0.817700,-0.476100,0.797600,-0.370300
-0.101800,-0.129000,0.611400,-0.061430,0.263300,-0.962700
-0.048300,-0.003701,0.801500,0.075480,-0.148400,0.986000
0.093670,-0.110000,0.602100,0.888500,0.272200,-0.369500
0.082700,-0.306400,0.570100,-0.669600,0.674200,-0.311700
0.020550,0.100500,0.263800,0.712100,-0.499500,0.493500
0.018870,0.397300,0.719500,-0.189600,-0.530500,-0.826200
0.008357,0.259600,-0.262100,-0.867500,0.484700,0.111400
-0.075700,0.491700,0.552600,-0.974200,0.046770,0.220600
-0.158800,0.015940,0.694300,0.928000,-0.059740,0.367900
0.117300,-0.063640,0.435100,0.930200,0.136000,-0.340800
0.166700,0.253300,-0.694100,0.927000,-0.256900,0.273300
0.002173,0.400000,-0.880900,0.377500,0.311200,-0.872200
0.163000,0.227900,0.753500,0.536400,0.333300,0.775400
0.064010,-0.329600,0.660800,-0.541900,0.151900,-0.826600
-0.057080,-0.034730,0.774300,0.083660,0.996500,-0.000805
-0.163300,0.220800,0.674600,-0.607300,0.362500,0.707000
-0.069610,-0.225700,0.753100,0.653000,0.487600,0.579500
0.008972,-0.092180,0.574200,-0.760500,0.178400,-0.624300
-0.052580,-0.141400,0.656800,-0.913700,0.062170,0.401700
-0.139800,0.139800,0.433400,-0.501600,-0.780400,0.373400
-0.010560,0.416100,0.590700,-0.516500,0.204800,-0.831400
0.063050,0.169100,0.583800,0.656300,-0.552900,-0.513400
-0.155800,-0.339400,0.723500,-0.900100,-0.237300,-0.365400
-0.013320,0.034440,0.341300,0.223100,-0.649300,-0.727000
-0.004797,0.201900,-0.139700,-0.930100,0.161700,0.329900
-0.024190,-0.012670,0.730000,-0.329400,0.924600,-0.191100
0.190600,-0.090800,0.688600,0.660100,0.031690,0.750500
0.030660,0.411900,0.690500,-0.168900,0.985000,0.035530
-0.015920,0.159000,-0.030710,-0.969800,-0.238100,-0.052590
0.070580,0.102400,0.644300,-0.753100,0.441400,0.487900
0.099390,-0.038100,0.628200,-0.946200,0.317000,0.065400
-0.112400,0.378500,0.548100,-0.514700,0.856900,0.029600
0.135900,-0.195600,0.715400,-0.271300,0.045610,0.961400
-0.077900,-0.315400,0.772000,-0.984900,-0.047250,-0.166400
0.079600,0.138300,0.627200,-0.813500,0.130700,0.566600
0.107400,0.069670,0.715100,0.995100,0.086530,-0.048310
0.083160,0.226900,0.576300,0.693100,0.172400,-0.699900
0.118700,0.241000,-0.605900,0.256700,-0.901900,-0.347400
0.172800,-0.391700,0.666200,-0.026380,-0.996600,0.078080
-0.068870,0.191500,0.362800,-0.657300,-0.728900,0.191200
-0.068620,-0.427000,0.789600,0.491300,-0.826200,-0.275800
0.091630,-0.047700,0.704100,0.895000,-0.133900,0.425500
-0.027750,0.414200,-0.627000,-0.779400,-0.388800,0.491200
0.021200,-0.295800,0.680100,0.400400,-0.063800,-0.914100
0.020270,0.030540,0.792400,0.188400,-0.079990,0.978800
-0.010720,-0.318100,0.626600,0.999400,0.034540,-0.003469
0.172000,0.398500,-0.803000,0.519200,0.146000,-0.842100
